0 88333
1 85251
2 85508
3 85595
4 85004
5 85603
6 86144
7 83989
8 81979
9 81112
10 81826
11 85912
12 94190
13 102997
14 109685
15 113069
16 114586
17 115378
18 115145
19 104070
20 92727
21 85906
22 78711
23 80426
24 84555
25 92282
26 101258
27 109076
28 115408
29 118762
30 119084
31 113519
32 106309
33 96924
34 86515
35 88943
36 93243
37 97708
38 102270
39 107373
40 112988
41 117277
42 119051
43 118955
44 115438
45 110928
46 109837
47 108973
48 109353
49 111091
50 113747
51 113989
52 109111
53 104475
54 103133
55 100733
56 94516
57 88916
58 86224
59 85480
60 87665
61 94048
62 101677
63 108161
64 111990
65 113146
66 109257
67 102007
68 92409
69 81166
70 78386
71 77718
72 77206
73 75400
74 73820
75 74789
76 76543
77 78396
78 81075
79 82453
80 82780
81 87442
82 95436
83 101996
84 105054
85 104514
86 104141
87 105040
88 109547
89 119034
90 128033
91 127932
92 125166
93 123937
94 122259
95 116000
96 105975
97 97413
98 90859
99 87423
100 91529
101 100255
102 107210
103 110834
104 114874
105 119730
106 124129
107 118740
108 107359
109 99593
110 98420
111 101694
112 105558
113 106090
114 105343
115 104232
116 104977
117 112826
118 122583
119 128187
120 130700
121 128015
122 121229
123 115189
124 115367
125 117694
126 122261
127 130831
128 125105
129 108232
130 95359
131 88625
132 84894
133 84486
134 86301
135 88953
136 89919
137 90246
138 93033
139 95808
140 93209
141 86868
142 93224
143 105161
144 104289
145 94239
146 87199
147 83361
148 77265
149 72385
150 72509
151 76352
152 83044
153 85431
154 83092
155 81282
156 85040
157 95424
158 109012
159 121549
160 130550
161 126552
162 116697
163 103793
164 91853
165 80910
166 72346
167 73196
168 86035
169 102857
170 116123
171 124344
172 127724
173 125139
174 124060
175 125671
176 126642
177 126087
178 126155
179 121031
180 108513
181 94509
182 86543
183 85144
184 90200
185 99107
186 104920
187 103397
188 102891
189 109725
190 114815
191 115090
192 113888
193 115283
194 122904
195 129395
196 125608
197 118842
198 118167
199 120391
200 123107
201 122509
202 116543
203 109534
204 104314
205 101055
206 100489
207 101995
208 103174
209 105707
210 99572
211 92497
212 88558
213 86531
214 89416
215 95652
216 104534
217 112427
218 116857
219 115212
220 107373
221 104018
222 112215
223 121041
224 129914
225 137037
226 137836
227 134031
228 124032
229 108084
230 95850
231 98632
232 108208
233 121391
234 131796
235 135115
236 133148
237 131394
238 136008
239 141747
240 136731
241 120370
242 106553
243 104806
244 106165
245 118750
246 129786
247 134187
248 136709
249 136384
250 134359
251 132924
252 132443
253 129952
254 117163
255 98447
256 90740
257 97432
258 107048
259 117548
260 128684
261 132275
262 129632
263 130054
264 134454
265 137860
266 134201
267 128492
268 119261
269 108723
270 104803
271 107264
272 105181
273 95671
274 85743
275 79270
276 77468
277 78649
278 92773
279 111976
280 130150
281 150019
282 150935
283 142313
284 128818
285 112567
286 100693
287 98279
288 100221
289 96733
290 87182
291 77616
292 67437
293 59408
294 63246
295 70932
296 76000
297 79217
298 84446
299 91046
300 96630
301 100005
302 101565
303 102422
304 102006
305 105166
306 113649
307 122589
308 131446
309 141133
310 145322
311 144031
312 139890
313 131044
314 121674
315 121029
316 118839
317 111188
318 101443
319 91470
320 83683
321 84960
322 91162
323 100500
324 112114
325 118547
326 117379
327 120736
328 113206
329 106313
330 101443
331 96782
332 96972
333 101091
334 107659
335 115123
336 117110
337 113349
338 109366
339 98480
340 105923
341 131437
342 116796
343 111283
344 111327
345 112178
346 111873
347 109672
348 103504
349 95344
350 82237
351 67601
352 56127
353 48203
354 47342
355 50601
356 56622
357 63970
358 69868
359 71378
360 68576
361 64790
362 60841
363 60182
364 63901
365 69575
366 77045
367 82979
368 81688
369 74505
370 70675
371 77844
372 88966
373 104644
374 122214
375 133571
376 140865
377 145908
378 147219
379 145904
380 144895
381 145755
382 147989
383 152031
384 155022
385 133302
386 107682
387 95803
388 87282
389 85539
390 86426
391 85707
392 85049
393 86327
394 89616
395 95734
396 103389
397 111306
398 119350
399 129091
400 139838
401 150038
402 157705
403 159542
404 155338
405 147717
406 136943
407 123653
408 111227
409 101857
410 99688
411 102972
412 108696
413 113693
414 114899
415 115400
416 117744
417 122259
418 129896
419 139125
420 137898
421 136637
422 129156
423 119338
424 112228
425 105585
426 100826
427 98164
428 94966
429 89092
430 80996
431 72153
432 64474
433 58552
434 55638
435 56825
436 59561
437 60252
438 62131
439 64099
440 64546
441 65149
442 66487
443 72099
444 78717
445 88910
446 104124
447 111837
448 110091
449 102393
450 87652
451 71061
452 61315
453 61355
454 62905
455 73188
456 85378
457 101011
458 115899
459 127452
460 137392
461 141983
462 140372
463 138562
464 136554
465 132957
466 125015
467 113248
468 105755
469 103157
470 104370
471 111729
472 120677
473 126812
474 128296
475 127727
476 128995
477 130589
478 136995
479 144648
480 147124
481 150379
482 152390
483 148944
484 142672
485 129821
486 114356
487 106138
488 109861
489 117865
490 131494
491 143341
492 142576
493 139510
494 136618
495 132675
496 126290
497 117755
498 110019
499 106711
500 110536
501 123234
502 148687
503 170496
504 178407
505 184240
506 175919
507 158613
508 140055
509 122703
510 103903
511 84504
512 75077
513 74878
514 77822
515 87732
516 103221
517 115774
518 117799
519 115955
520 119734
521 127591
522 128849
523 121225
524 116613
525 122153
526 129968
527 138425
528 146535
529 151331
530 151735
531 152938
532 156227
533 157891
534 155910
535 152698
536 151008
537 148223
538 142993
539 140224
540 135629
541 126446
542 112950
543 98478
544 84697
545 78030
546 80308
547 84574
548 89393
549 95285
550 100484
551 103936
552 108290
553 115354
554 119432
555 115997
556 108082
557 106394
558 111235
559 114279
560 114535
561 114036
562 112722
563 108860
564 105678
565 102533
566 100356
567 100900
568 103828
569 107729
570 111251
571 113361
572 109672
573 100141
574 83874
575 74831
576 71717
577 69100
578 77884
579 90479
580 94664
581 89327
582 80754
583 71668
584 68826
585 74478
586 84214
587 92316
588 98987
589 104153
590 105417
591 104343
592 102394
593 99679
594 99772
595 109900
596 121132
597 129380
598 137721
599 145893
600 149502
601 149231
602 144756
603 136475
604 127557
605 117117
606 100792
607 80583
608 64301
609 58393
610 55609
611 58685
612 63065
613 71080
614 80611
615 98005
616 125554
617 142068
618 142537
619 135731
620 116448
621 89792
622 71038
623 65879
624 64595
625 65319
626 67523
627 70446
628 78116
629 87543
630 102632
631 119269
632 122600
633 123723
634 124160
635 124112
636 126331
637 129346
638 128633
639 125972
640 119702
641 110179
642 98056
643 86701
644 80061
645 74125
646 0
